 level_1_1.txt
spirits benefit {((3, 7), (8, 5)): 0, ((2, 8), (8, 5)): 0, ((2, 6), (8, 5)): 0, ((3, 7), (7, 6)): -81, ((2, 8), (7, 6)): -81, ((2, 6), (7, 6)): -81, ((3, 7), (7, 4)): -81, ((2, 
8), (7, 4)): -81, ((2, 6), (7, 4)): -81}
spirits benefit {((3, 7), (8, 5)): 0, ((2, 8), (8, 5)): 135, ((2, 6), (8, 5)): 135, ((3, 7), (7, 6)): -81, ((2, 8), (7, 6)): 135, ((2, 6), (7, 6)): 135, ((3, 7), (7, 4)): 0, ((2, 8), (7, 4)): 135, ((2, 6), (7, 4)): 135}
(-81, (6, 7), [(2, 7), (7, 5)]) (-81, (7, 7), ((2, 6), (7, 4)))  
 (-81, (6, 7), [(2, 7), (7, 5)]) (-81, (7, 7), ((3, 7), (7, 6))) 

spirits benefit {((1, 6), (7, 5)): 3135, ((2, 7), (7, 5)): 3135, ((2, 5), (7, 5)): 3135, ((1, 6), (7, 3)): 3135, ((2, 7), (7, 3)): 3135, ((2, 5), (7, 3)): 3135}
spirits benefit {((1, 6), (7, 5)): 3135, ((2, 7), (7, 5)): 3135, ((2, 5), (7, 5)): 3135, ((1, 6), (7, 3)): 3135, ((2, 7), (7, 3)): 3135, ((2, 5), (7, 3)): 3135}
(15635, (5, 7), ((2, 6), (7, 4))) (3135, (6, 7), ((1, 6), (7, 3)))  
 (15635, (5, 7), ((2, 6), (7, 4))) (3135, (6, 7), ((2, 5), (7, 5))) 

spirits benefit {((2, 6), (8, 3)): 78135, ((1, 5), (8, 3)): 78135, ((2, 6), (7, 4)): 78135, ((1, 5), (7, 4)): 78135, ((2, 6), (7, 2)): 78135, ((1, 5), (7, 2)): 78135}
spirits benefit {((2, 6), (8, 3)): 78135, ((1, 5), (8, 3)): 78135, ((2, 6), (7, 4)): 78135, ((1, 5), (7, 4)): 78135, ((2, 6), (7, 2)): 78135, ((1, 5), (7, 2)): 78135}
(390635, (4, 7), ((1, 6), (7, 3))) (78135, (5, 7), ((1, 5), (8, 3))) 
 (390635, (4, 7), ((1, 6), (7, 3))) (78135, (5, 7), ((1, 5), (7, 4)))

spirits benefit {((2, 5), (7, 3)): 390630, ((1, 6), (7, 3)): 390630, ((1, 4), (7, 3)): 390630, ((2, 5), (8, 2)): 390630, ((1, 6), (8, 2)): 390630, ((1, 4), (8, 2)): 390630}
spirits benefit {((2, 5), (7, 3)): 390630, ((1, 6), (7, 3)): 390630, ((1, 4), (7, 3)): 390630, ((2, 5), (8, 2)): 390630, ((1, 6), (8, 2)): 390630, ((1, 4), (8, 2)): 390630}
(1953130, (3, 7), ((1, 5), (8, 3))) (390630, (4, 7), ((1, 4), (7, 3))) 
 (1953130, (3, 7), ((1, 5), (8, 3))) (390630, (4, 7), ((1, 6), (7, 3)))



 level_1_1.txt
spirits benefit {((3, 7), (8, 5)): 0, ((2, 8), (8, 5)): 0, ((2, 6), (8, 5)): 0, ((3, 7), (7, 6)): -81, ((2, 8), (7, 6)): -81, ((2, 6), (7, 6)): -81, ((3, 7), (7, 4)): -81, ((2, 
8), (7, 4)): -81, ((2, 6), (7, 4)): -81}
spirits benefit {((3, 7), (8, 5)): 0, ((2, 8), (8, 5)): 135, ((2, 6), (8, 5)): 135, ((3, 7), (7, 6)): -81, ((2, 8), (7, 6)): 135, ((2, 6), (7, 6)): 135, ((3, 7), (7, 4)): 0, ((2, 8), (7, 4)): 135, ((2, 6), (7, 4)): 135}
(-81, (6, 7), [(2, 7), (7, 5)]) (-81, (7, 7), ((2, 6), (7, 4))) 
 (-81, (6, 7), [(2, 7), (7, 5)]) (-81, (7, 7), ((3, 7), (7, 6)))

spirits benefit {((1, 6), (7, 5)): 3135, ((2, 7), (7, 5)): 3135, ((2, 5), (7, 5)): 3135, ((1, 6), (7, 3)): 3135, ((2, 7), (7, 3)): 3135, ((2, 5), (7, 3)): 3135}
spirits benefit {((1, 6), (7, 5)): 3135, ((2, 7), (7, 5)): 3135, ((2, 5), (7, 5)): 3135, ((1, 6), (7, 3)): 3135, ((2, 7), (7, 3)): 3135, ((2, 5), (7, 3)): 3135}
(15635, (5, 7), ((2, 6), (7, 4))) (3135, (6, 7), ((2, 5), (7, 3))) 
 (15635, (5, 7), ((2, 6), (7, 4))) (3135, (6, 7), ((2, 5), (7, 5)))

spirits benefit {((1, 5), (8, 3)): 78135, ((2, 6), (8, 3)): 78135, ((2, 4), (8, 3)): 78135, ((1, 5), (7, 4)): 78135, ((2, 6), (7, 4)): 78135, ((2, 4), (7, 4)): 78135, ((1, 5), (7, 2)): 78135, ((2, 6), (7, 2)): 78135, ((2, 4), (7, 2)): 78135}
spirits benefit {((1, 5), (8, 3)): 78135, ((2, 6), (8, 3)): 78135, ((2, 4), (8, 3)): 78135, ((1, 5), (7, 4)): 78135, ((2, 6), (7, 4)): 78135, ((2, 4), (7, 4)): 78135, ((1, 5), (7, 2)): 78135, ((2, 6), (7, 2)): 78135, ((2, 4), (7, 2)): 78135}
(390635, (4, 7), ((2, 5), (7, 3))) (78135, (5, 7), ((2, 4), (8, 3))) 
 (390635, (4, 7), ((2, 5), (7, 3))) (78135, (5, 7), ((1, 5), (8, 3)))

spirits benefit {((1, 4), (7, 3)): 390630, ((2, 5), (7, 3)): 390630, ((2, 3), (7, 3)): 390630, ((1, 4), (8, 2)): 390630, ((2, 5), (8, 2)): 390630, ((2, 3), (8, 2)): 390630}
spirits benefit {((1, 4), (7, 3)): 390630, ((2, 5), (7, 3)): 390630, ((2, 3), (7, 3)): 390630, ((1, 4), (8, 2)): 390630, ((2, 5), (8, 2)): 390630, ((2, 3), (8, 2)): 390630}
(1953130, (3, 7), ((2, 4), (8, 3))) (390630, (4, 7), ((1, 4), (7, 3))) 
 (1953130, (3, 7), ((2, 4), (8, 3))) (390630, (4, 7), ((2, 3), (7, 3)))



 level_1_1.txt
spirits benefit {((3, 7), (8, 5)): 0, ((2, 8), (8, 5)): 0, ((2, 6), (8, 5)): 0, ((3, 7), (7, 6)): -81, ((2, 8), (7, 6)): -81, ((2, 6), (7, 6)): -81, ((3, 7), (7, 4)): -81, ((2, 
8), (7, 4)): -81, ((2, 6), (7, 4)): -81}
spirits benefit {((3, 7), (8, 5)): 0, ((2, 8), (8, 5)): 135, ((2, 6), (8, 5)): 135, ((3, 7), (7, 6)): -81, ((2, 8), (7, 6)): 135, ((2, 6), (7, 6)): 135, ((3, 7), (7, 4)): 0, ((2, 8), (7, 4)): 135, ((2, 6), (7, 4)): 135}
(-81, (6, 7), [(2, 7), (7, 5)]) (-81, (7, 7), ((2, 8), (7, 4))) 
 (-81, (6, 7), [(2, 7), (7, 5)]) (-81, (7, 7), ((3, 7), (7, 6)))

spirits benefit {((3, 8), (7, 5)): 3135, ((1, 8), (7, 5)): 3135, ((2, 7), (7, 5)): 3135, ((3, 8), (7, 3)): 3135, ((1, 8), (7, 3)): 3135, ((2, 7), (7, 3)): 3135}
spirits benefit {((3, 8), (7, 5)): 3135, ((1, 8), (7, 5)): 3135, ((2, 7), (7, 5)): 3135, ((3, 8), (7, 3)): 3135, ((1, 8), (7, 3)): 3135, ((2, 7), (7, 3)): 3135}
(15635, (5, 7), ((2, 8), (7, 4))) (3135, (6, 7), ((3, 8), (7, 5))) 
 (15635, (5, 7), ((2, 8), (7, 4))) (3135, (6, 7), ((2, 7), (7, 5)))

spirits benefit {((2, 8), (8, 5)): 78135, ((3, 7), (8, 5)): 78135, ((2, 8), (7, 6)): 78135, ((3, 7), (7, 6)): 78135, ((2, 8), (7, 4)): 78135, ((3, 7), (7, 4)): 78135}
spirits benefit {((2, 8), (8, 5)): 78135, ((3, 7), (8, 5)): 78135, ((2, 8), (7, 6)): 78135, ((3, 7), (7, 6)): 78135, ((2, 8), (7, 4)): 78135, ((3, 7), (7, 4)): 78135}
(390635, (4, 7), ((3, 8), (7, 5))) (78135, (5, 7), ((3, 7), (7, 4))) 
 (390635, (4, 7), ((3, 8), (7, 5))) (78135, (5, 7), ((3, 7), (7, 6)))

spirits benefit {((4, 7), (7, 5)): -1, ((2, 7), (7, 5)): -1, ((3, 8), (7, 5)): -1, ((4, 7), (7, 3)): -1, ((2, 7), (7, 3)): -1, ((3, 8), (7, 3)): -1}
spirits benefit {((4, 7), (7, 5)): -1, ((2, 7), (7, 5)): 390630, ((3, 8), (7, 5)): 390630, ((4, 7), (7, 3)): 0, ((2, 7), (7, 3)): 390630, ((3, 8), (7, 3)): 390630}
(1953130, (3, 7), ((3, 7), (7, 4))) (-1, (4, 7), ((4, 7), (7, 5))) 
 (1953130, (3, 7), ((3, 7), (7, 4))) (-1, (4, 7), ((4, 7), (7, 5)))